0.028328
0.028876
0.026963
0.027367
0.026981
0.026830
0.031871
0.027758
0.027343
0.027760
0.029797
0.034792
0.032252
0.031441
0.028902
0.034624
0.028648
0.028559
0.030013
0.030509
0.027819
0.029826
0.027726
0.027538
0.033730
0.030028
0.028709
0.029273
0.027177
0.027592
0.029028
0.030592
0.028846
0.029653
0.028037
0.031026
0.027127
0.029679
0.028420
0.027588
0.030750
0.030108
0.027810
0.033277
0.030520
0.032773
0.033926
0.029496
0.029281
0.030845
0.027806
0.027645
0.029061
0.027953
0.029215
0.030676
0.037950
0.032975
0.031055
0.027072
0.027342
0.029573
0.027164
0.027372
0.026968
0.028212
0.027195
0.027996
0.029104
0.026342
0.026720
0.028275
0.027546
0.026748
0.028950
0.026694
0.028548
0.026748
0.027854
0.029641
0.028148
0.028019
0.030109
0.027485
0.027107
0.027114
0.027753
0.027717
0.030184
0.028696
0.028686
0.027330
0.029836
0.030320
0.027473
0.029213
0.028431
0.033002
0.028470
0.032406
