0.003223
0.013807
0.002206
0.002259
0.002888
0.002149
0.002338
0.004295
0.002494
0.002374
0.002061
0.002238
0.002337
0.003171
0.002207
0.003042
0.002074
0.002224
0.002781
0.002546
0.002444
0.002185
0.002104
0.002229
0.003276
0.002938
0.002172
0.002542
0.002625
0.002228
0.002126
0.002736
0.002659
0.002067
0.003126
0.003465
0.002394
0.002187
0.002323
0.002441
0.002292
0.002058
0.001923
0.002130
0.002239
0.001967
0.002198
0.002870
0.002060
0.002191
0.002392
0.002278
0.001925
0.001997
0.002150
0.002195
0.001920
0.001908
0.002276
0.002528
0.002063
0.002238
0.002324
0.003037
0.002777
0.002464
0.001965
0.002135
0.002648
0.002060
0.002017
0.001868
0.002442
0.003038
0.001916
0.001996
0.002345
0.002364
0.002264
0.002502
0.002090
0.002141
0.002267
0.002308
0.002133
0.002180
0.002140
0.001997
0.001888
0.002181
0.002366
0.001946
0.001949
0.002169
0.002663
0.002392
0.001862
0.002340
0.002636
0.001963
